0.094
0.093
0.107
0.124
0.109
0.143
0.135
0.156
0.132
0.147
0.155
0.112
0.132
0.148
0.163
0.185
0.203
0.194
0.201
0.184
0.217
0.243
0.215
0.207
0.225
0.241
0.26
0.226
0.302
0.278
0.312
0.146
0.307
0.31
0.346
0.379
0.338
0.339
0.381
0.13
0.185
0.428
0.342
0.273
0.477
0.501
0.575
0.564
0.619
0.479
0.65
0.709
0.655
0.634
0.876
0.844
0.632
0.748
0.754
0.732
0.874
0.914
0.731
0.901
1.009
1.094
1.011
0.391
1.223
1.189
0.534
1.285
1.569
1.334
1.752
0.317
1.642
0.792
2.327
2.145
2.859
2.195
1.432
3.424
2.512
1.878
7.923
3.154
7.483
3.978
7.452
8.488
2.97
11.14
9.082
4.759
27.084
11.037
28.542
35.281
