0.095
0.092
0.106
0.123
0.112
0.14
0.131
0.152
0.134
0.143
0.154
0.107
0.129
0.139
0.163
0.182
0.196
0.199
0.196
0.185
0.222
0.248
0.222
0.214
0.229
0.238
0.267
0.23
0.302
0.279
0.315
0.144
0.309
0.312
0.353
0.388
0.344
0.346
0.396
0.129
0.182
0.449
0.345
0.266
0.493
0.522
0.605
0.592
0.66
0.483
0.679
0.744
0.688
0.667
0.72
0.891
0.671
0.791
0.8
0.768
0.927
0.975
0.79
0.97
1.087
1.18
1.085
0.405
1.319
1.274
0.556
1.405
1.709
1.445
1.92
0.335
1.794
0.841
2.546
2.346
3.138
2.401
1.549
3.764
2.747
2.063
8.781
3.476
8.294
4.4
8.629
9.439
3.264
12.479
9.576
5.278
29.846
12.297
31.931
65.828
