0.087
0.082
0.095
0.103
0.095
0.112
0.104
0.118
0.105
0.108
0.12
0.083
0.107
0.112
0.119
0.136
0.141
0.151
0.137
0.135
0.174
0.181
0.17
0.161
0.156
0.161
0.196
0.184
0.234
0.211
0.197
0.121
0.222
0.184
0.239
0.244
0.25
0.183
0.234
0.11
0.15
0.349
0.218
0.175
0.259
0.235
0.289
0.364
0.282
0.231
0.344
0.447
0.304
0.282
0.291
0.55
0.349
0.426
0.45
0.451
0.555
0.394
0.592
0.248
0.946
0.611
0.712
0.259
0.576
0.615
0.341
1.009
0.535
0.595
1.573
0.263
1.22
0.563
2.108
1.215
0.998
0.669
1.429
1.213
0.828
0.634
2.304
2.539
2.151
1.414
2.666
2.946
1.261
5.682
3.243
2.452
8.235
2.481
8.188
25.887
