0.087
0.082
0.095
0.104
0.097
0.113
0.106
0.117
0.102
0.108
0.121
0.086
0.108
0.111
0.119
0.137
0.142
0.15
0.14
0.138
0.171
0.178
0.164
0.16
0.156
0.159
0.189
0.18
0.224
0.2
0.192
0.118
0.212
0.178
0.226
0.238
0.232
0.179
0.225
0.109
0.144
0.322
0.208
0.173
0.253
0.219
0.277
0.333
0.271
0.224
0.321
0.413
0.288
0.273
0.277
0.51
0.327
0.4
0.411
0.413
0.504
0.37
0.535
0.236
0.83
0.549
0.634
0.243
0.526
0.56
0.317
0.877
0.51
0.553
1.367
0.253
4.597
0.505
1.805
1.059
0.889
0.611
1.239
1.084
0.754
0.575
2.02
2.177
1.882
1.237
2.329
2.53
1.11
4.831
2.953
2.095
7.135
2.13
6.917
21.701
