45 0.038566 894816
42 0.042416 1390903
42 0.053121 1546498
49 0.057475 4347062
41 0.053443 1452936
46 0.070405 5848886
50 0.065757 7056701
45 0.077900 8480754
44 0.062700 4916967
49 0.085234 7933612
44 0.070087 6090368
53 0.061894 2042095
47 0.068672 7214388
46 0.065018 9618961
46 0.083535 11077253
50 0.098691 21199226
45 0.104497 19406276
44 0.099751 21509748
51 0.105964 23095730
53 0.099000 26878444
50 0.120786 29711852
46 0.127493 30279628
53 0.130955 38902491
53 0.113352 32769604
50 0.134218 40649719
52 0.137567 44395235
52 0.155313 47797136
42 0.120117 22778986
49 0.181916 64311553
55 0.193555 59135378
49 0.195772 68639037
56 0.081747 12971038
49 0.194476 68410779
49 0.182856 70368792
57 0.246046 111129745
49 0.254999 106022374
52 0.223028 96822869
56 0.237468 102146181
54 0.267698 122874136
47 0.058774 6323095
51 0.103113 21927219
52 0.287068 131092149
52 0.253240 106325528
47 0.158350 48493929
50 0.342687 171005089
56 0.400048 204835963
48 0.442080 233187779
57 0.456545 237373366
54 0.484027 276867626
55 0.373317 117593956
55 0.599701 271936802
53 0.564262 307909496
54 0.509321 275399760
54 0.523113 283712162
52 0.571095 333673168
51 0.696215 403678853
54 0.505123 271308023
51 0.614028 349441180
54 0.653031 372043606
57 0.618128 316006530
54 0.761164 455722622
52 0.786522 473788706
54 0.592179 338464371
64 0.860350 497961094
52 0.919531 553041279
57 0.999288 617760463
56 0.900932 552872438
50 0.266262 116869075
52 1.127885 714412654
50 1.042676 641586621
57 0.432615 204712312
55 1.277446 807657220
53 1.502554 981669179
54 1.207295 756831031
59 1.789132 1161974942
53 0.216669 86963207
56 1.601800 1037912255
56 0.714619 371659665
57 2.383855 1565583397
60 2.182190 1459420144
58 2.959091 2013182871
59 2.209975 1494616184
57 1.334249 864254089
56 3.548262 2420081484
58 2.604104 1750120462
59 1.889062 1271589446
56 8.708371 6145867759
59 3.316562 2243375628
57 8.292179 5768365120
59 4.217918 2941684268
55 8.357987 5881359104
57 9.258867 6592904148
62 3.126357 2085020341
59 12.318867 8808893935
64 9.374153 4307773589
66 5.106125 3583185784
66 30.639980 20729337727
61 12.326156 8804586561
62 32.301643 23462936051
