45 0.048549 128535 2647531.36007
42 0.046204 234381 5072742.61969
42 0.058426 277335 4746773.69664
49 0.067361 602571 8945398.67282
41 0.055272 290349 5253093.79071
46 0.068954 962247 13954911.9703
50 0.058918 1112577 18883482.1277
45 0.070363 1374876 19539758.1115
44 0.061002 890724 14601554.0474
49 0.069815 1018701 14591434.5055
44 0.073628 1102068 14968055.631
53 0.051069 177816 3481877.45991
47 0.069249 1236474 17855478.0574
46 0.060035 1715478 28574631.465
46 0.072299 1886103 26087539.2467
50 0.080418 3403617 42324069.2382
45 0.085325 3737997 43808930.5596
44 0.088120 4433670 50314003.6314
51 0.082817 3793731 45808602.0986
53 0.081450 3865677 47460736.6483
50 0.111705 5131869 45941264.9389
46 0.106337 5569326 52374300.5727
53 0.115620 5643264 48808718.2148
53 0.100415 5443710 54212119.7032
50 0.102453 6756861 65950835.9931
52 0.091169 7252416 79549144.9945
52 0.142819 7684662 53807000.4691
42 0.119983 5302221 44191435.4534
49 0.159471 12027528 75421412.0436
55 0.150364 7904313 52567855.3377
49 0.123869 12114651 97802121.5962
56 0.079447 1476645 18586541.9714
49 0.145112 12761448 87942058.5479
49 0.108678 12358176 113713686.303
57 0.154271 15371652 99640580.5368
49 0.156716 21438291 136797078.792
52 0.168313 15863004 94247051.6241
56 0.117072 14365050 122702695.777
54 0.149887 20635971 137676856.565
47 0.059335 1131780 19074408.0222
51 0.096069 3558534 37041438.9657
52 0.237015 24541944 103545952.788
52 0.161912 16956012 104723627.65
47 0.098553 9626016 97673495.4796
50 0.165699 34524582 208357213.984
56 0.149153 30494526 204451308.388
48 0.168116 46884345 278880921.507
57 0.267158 32748051 122579338.818
54 0.175989 49015401 278514003.716
55 0.163322 15856329 97086301.9067
55 0.251915 44974125 178528968.104
53 0.321564 56641362 176143355.6
54 0.197208 47999157 243393559.085
54 0.172597 52073571 301706118.878
52 0.192844 58831893 305075050.3
51 0.393829 80686050 204875847.132
54 0.236018 45173271 191397567.135
51 0.284925 68955477 242012729.666
54 0.330716 61929789 187259730.403
57 0.336122 50155668 149218640.851
54 0.425378 79150692 186071428.236
52 0.245715 91843725 373781515.17
54 0.443596 63844272 143924363.61
64 0.177220 55630095 313904158.673
52 0.743538 101618043 136668257.708
57 0.439265 103048755 234593593.844
56 0.536215 97059681 181008888.226
50 0.167274 22409280 133967502.421
52 0.431677 136742151 316769600.882
50 0.427927 139762452 326603490.782
57 0.245271 31161378 127048766.466
55 0.821256 133380876 162410839.008
53 0.371635 184896948 497522967.428
54 0.415413 143771637 346093254.183
59 1.313754 186154740 141696801.684
53 0.186311 14381730 77192060.5869
56 0.982206 184317843 187657011.869
56 0.452707 55191177 121913681.476
57 1.789038 254339088 142165279.888
60 0.976248 227365095 232896861.248
58 0.765810 324992592 424377576.684
59 0.488122 215868498 442242918.779
57 1.164578 149431506 128313866.482
56 0.948439 450304233 474784601.856
58 0.642599 272262315 423689291.455
59 0.483741 197177808 407610287.323
56 1.876439 1174829283 626095110.473
59 2.136885 384324858 179852850.294
57 1.719373 1059917007 616455537.571
59 1.141926 463826481 406179105.301
55 2.111767 1228568715 581772854.202
57 2.411990 1283809674 532261607.221
62 1.033795 307979736 297911806.499
59 4.821565 1696700421 351898278.049
64 3.022357 606173280 200563096.947
66 2.068715 546720834 264280403.052
66 7.318149 2816945118 384925903.804
61 2.052636 1399942170 682021639.492
62 7.032806 4163311512 591984410.206
65 22.784891 7831922145 343733140.747
