45 0.043929 129867 2956293.10934
42 0.046606 238689 5121422.13449
42 0.045773 279840 6113647.78363
49 0.060531 611757 10106507.4094
41 0.061515 294219 4782882.22385
46 0.068133 970512 14244374.9725
50 0.062223 1128558 18137312.5693
45 0.073900 1401207 18960852.5034
44 0.058804 902469 15347068.2267
49 0.066340 1027023 15481202.8942
44 0.067687 1111002 16413816.5379
53 0.051191 178131 3479732.76553
47 0.053858 1248360 23178729.251
46 0.064486 1741602 27007443.4761
46 0.066970 1905951 28459773.0327
50 0.069131 3466134 50138635.3445
45 0.078692 3807924 48390230.2648
44 0.091009 4520586 49671856.6296
51 0.072164 3870543 53635372.2077
53 0.084374 3908511 46323642.3543
50 0.102646 5199291 50652641.1161
46 0.115567 5743758 49700675.7985
53 0.110681 5736366 51827919.8778
53 0.097998 5520537 56333159.8604
50 0.094773 6842232 72196005.1914
52 0.091263 7356744 80610367.838
52 0.125691 7793100 62002052.6529
42 0.110020 5429148 49346918.742
49 0.154050 12407457 80541752.6777
55 0.153510 7984332 52011803.7913
49 0.110521 12334908 111606916.333
56 0.075118 1495284 19905801.5389
49 0.156106 12978213 83137182.4273
49 0.112820 12485466 110667133.487
57 0.177095 15492129 87479200.4291
49 0.191378 22204719 116025452.246
52 0.175750 16072185 91449132.2902
56 0.153502 14523405 94613783.5338
54 0.149551 21065661 140859379.075
47 0.058929 1150200 19518403.5025
51 0.093871 3614748 38507611.5094
52 0.196325 25141734 128061805.679
52 0.150009 17229960 114859508.429
47 0.112124 9832950 87697103.2072
50 0.173283 35449218 204574124.409
56 0.156672 31048872 198177542.892
48 0.185042 48113526 260014083.289
57 0.277721 33164667 119417210.078
54 0.181990 50393484 276902489.148
55 0.156314 16091199 102941508.758
55 0.252621 45780519 181222143.052
53 0.323294 58054896 179573069.714
54 0.190494 49024128 257352609.531
54 0.178800 53013552 296496375.839
52 0.190014 60761349 319773011.462
51 0.464615 83054889 178760670.663
54 0.238847 45879015 192085372.644
51 0.309038 70418409 227863269.242
54 0.363109 63002847 173509461.346
57 0.345971 51026085 147486595.697
54 0.366933 81439389 221946210.889
52 0.258809 93818679 362501609.295
54 0.474995 65315355 137507457.973
64 0.174087 56025768 321826259.284
52 0.766643 104190963 135905451.429
57 0.494343 105784884 213990860.597
56 0.594286 99213411 166945563.247
50 0.153518 22909860 149232402.715
52 0.444957 140087904 314834700.881
50 0.464160 144653379 311645508.014
57 0.260316 31711548 121819434.841
55 0.930312 136090350 146284633.542
53 0.423001 189369585 447681175.695
54 0.434096 146788413 338147352.199
59 1.490259 190257462 127667379.965
53 0.204258 14612331 71538598.2434
56 0.904143 187946682 207872739.157
56 0.517725 55665348 107519142.402
57 1.667901 259893855 155820912.033
60 1.102637 232795809 211126426.013
58 0.869541 333699105 383764658.596
59 0.536587 218971689 408082359.431
57 1.299954 151913487 116860663.531
56 1.059947 463087878 436897201.464
58 0.719754 277579077 385658262.406
59 0.959862 200523735 208908921.282
56 2.111948 1219875330 577606707.173
59 2.583257 392692983 152014678.756
57 1.969658 1097058156 556979006.508
59 1.274052 472620123 370958267.794
55 2.412446 1266279789 524894563.029
57 3.238462 1315986174 406361468.5
62 1.147127 312523563 272440246.808
59 4.405082 1751935614 397707832.454
64 3.107053 611637606 196854577.634
66 2.658373 555074025 208802160.193
66 8.139620 2858998323 351244692.381
61 2.326021 1431756465 615538924.627
62 8.107132 4262757894 525803439.983
65 12.831504 8034873411 626183291.608
