45 0.008669 668555 77120198.4081
42 0.013369 1060843 79350961.1788
42 0.013801 1146217 83053184.5518
49 0.040818 3342713 81893110.8825
41 0.013484 1100008 81578760.0119
46 0.063426 5069130 79921956.2955
50 0.066825 5369456 80351006.3599
45 0.079830 6708962 84040611.299
44 0.046959 3836468 81698247.4073
49 0.074307 6184583 83230153.283
44 0.058000 4645240 80090344.8276
53 0.017972 1477429 82207266.8596
47 0.074635 5841612 78269069.4714
46 0.092769 7414482 79924134.1396
46 0.104098 8620334 82809794.6166
50 0.206364 16617997 80527596.8677
45 0.196442 15860060 80736604.1885
44 0.224409 17511853 78035430.8428
51 0.239594 18839658 78631593.4456
53 0.244478 19989712 81764870.4587
50 0.286551 22647400 79034447.6201
46 0.292427 24072828 82320811.6898
53 0.345984 28407489 82106366.1903
53 0.306134 24883098 81281719.7698
50 0.386261 31777445 82269359.3192
52 0.405265 32327748 79769405.204
52 0.456649 36259149 79402668.1324
42 0.267482 21063469 78747239.0666
49 0.714433 56282924 78779849.1951
55 0.510101 41941364 82221685.5093
49 0.690053 56189087 81427204.8669
56 0.113013 9137195 80850831.3203
49 0.643917 51100895 79359443.8414
49 0.668932 54471010 81429816.4836
57 1.036492 84387584 81416531.9173
49 1.156638 91239606 78883458.7831
52 0.921194 73579734 79874308.7775
56 0.899403 74742145 83101952.0727
54 1.136674 89864843 79059469.1178
47 0.066713 5150874 77209449.4326
51 0.202805 16120908 79489696.9996
52 1.338620 104651082 78178334.4041
52 0.968886 78146884 80656428.104
47 0.483162 39470148 81691333.3416
50 2.079848 161653536 77723725.9646
56 2.102869 168767115 80255648.3547
48 2.599039 206926455 79616525.5696
57 2.111334 173085144 81979044.5282
54 3.159163 257638518 81552777.7452
55 1.008936 81958255 81232362.6077
55 2.452071 199963535 81548835.6577
53 2.947709 237629759 80615067.1589
54 2.919491 232936763 79786772.0777
54 2.718860 215562318 79284081.5636
52 3.580562 288137270 80472638.0942
51 4.236794 339429974 80114816.5334
54 2.662265 214762400 80669054.3578
51 3.614425 280066324 77485720.1353
54 3.481140 280376293 80541515.9976
57 2.826200 227574721 80523218.8097
54 4.565852 353979024 77527485.3412
52 5.107535 404388657 79174916.4714
54 3.275984 260254084 79443026.5838
64 4.157459 347157245 83502265.4463
52 5.547046 443303308 79917005.9163
57 6.130759 497817708 81200012.5922
56 5.733457 458908512 80040455.8716
50 1.211076 94875201 78339593.0561
52 7.777125 612105685 78705908.0316
50 7.189865 558341206 77656702.3164
57 1.960406 154445917 78782617.9883
55 7.703075 622680974 80835377.3006
53 11.044133 867035986 78506478.1455
54 7.837347 614187163 78366718.0999
59 11.656386 929918800 79777625.7581
53 0.840371 65724500 78208910.1123
56 10.643412 843097127 79213050.0069
56 3.494143 275641438 78886707.8422
57 15.183212 1244938778 81994427.6613
60 13.865696 1100622124 79377344.2026
58 20.576979 1654992136 80429305.779
59 13.712804 1110815046 81005682.4264
57 8.337786 685253878 82186551.4418
56 27.694548 2195428890 79272963.4006
58 15.898291 1302035867 81897850.9703
59 11.719643 970911212 82844777.0977
56 62.714274 5221762875 83262749.3224
59 21.748005 1767759455 81283752.4637
57 64.678945 5126176690 79255725.1823
59 28.567081 2364629062 82774612.5689
55 62.221143 4904167159 78818339.2742
57 71.672338 5666440461 79060354.6517
62 18.068483 1456639283 80617685.6685
59 90.289377 7166866636 79376631.8268
64 38.286422 3074438821 80301022.1483
66 30.479415 2506250733 82227652.1055
66 186.607608 15226005097 81593699.5291
61 87.193959 6906973330 79213897.4903
62 237.716079 19075654286 80245536.4662
65 475.746561 38152667567 80195361.7632
