45 0.007434 553032
42 0.010910 829691
42 0.006814 557635
49 0.026492 2162105
41 0.011575 926362
46 0.013396 1057598
50 0.049892 3890963
45 0.018861 1540560
44 0.040489 3213884
49 0.035488 2897225
44 0.011991 950912
53 0.015935 1289842
47 0.034725 2657349
46 0.022951 1793352
46 0.023485 1885391
50 0.114434 9085276
45 0.067501 5402398
44 0.140014 10704798
51 0.147902 11415577
53 0.142916 11541497
50 0.107077 8342748
46 0.165672 13518884
53 0.227207 18408445
53 0.117080 9295015
50 0.097097 7842805
52 0.089892 7134942
52 0.343921 26675267
42 0.233758 17945582
49 0.177159 13556709
55 0.087642 7187506
49 0.194933 15680258
56 0.026874 2165886
49 0.206650 16027770
49 0.160022 12866378
57 0.207027 16511545
49 0.851864 65052612
52 0.231299 18004028
56 0.152817 12624693
54 0.245475 18944800
47 0.015718 1164264
51 0.101508 7895418
52 0.485343 36909675
52 0.241562 19246891
47 0.245168 19930135
50 1.558032 117447953
56 0.320203 25494017
48 0.659548 51713931
57 1.559304 126221149
54 1.798368 144765051
55 0.195188 15767001
55 0.703419 57697616
53 1.858120 148544614
54 1.813647 141922478
54 0.552453 42706018
52 0.700693 55159945
51 2.987092 234869178
54 0.655513 52108378
51 0.824701 62065444
54 0.642373 50455585
57 1.130175 90915849
54 0.834826 62350655
52 1.444332 112954751
54 3.291003 255570800
64 0.494530 41774634
52 4.928880 384502564
57 1.703236 138344495
56 3.035910 239069641
50 0.493769 38316040
52 2.199104 169363859
50 4.755989 364049704
57 1.924759 150313398
55 1.339362 106446068
53 2.681138 206638762
54 2.043029 155333889
59 10.039004 786017171
53 0.784701 59663384
56 3.893045 301680393
56 0.756126 59721711
57 6.523953 527505747
60 5.890262 464962292
58 3.402243 272981030
59 2.584923 206181137
57 4.788891 387936450
56 9.571535 741428649
58 2.757158 225469351
59 8.000948 658432724
56 12.406169 1023888496
59 14.354874 1158918565
57 14.019122 1091191323
59 6.905283 565893721
55 14.901516 1154075685
57 16.032373 1250936417
62 7.189680 577037830
59 21.457739 1683927630
64 5.846488 465242641
66 9.559342 791402348
66 41.933677 3408030312
61 19.045505 1479883175
62 68.866717 5493578500
65 82.155681 6520328367
