45 0.039348 886965 22541552.3025
42 0.043590 1370723 31445813.2599
42 0.052964 1526953 28830016.6151
49 0.062118 4299854 69220741.17
41 0.055606 1432983 25770294.5725
46 0.068677 5779595 84156194.9415
50 0.068206 6961520 102066093.892
45 0.076567 8318017 108637102.146
44 0.062475 4797411 76789291.7167
49 0.083725 7831654 93540209.0176
44 0.069478 6010847 86514393.0453
53 0.062200 2037025 32749598.0707
47 0.061302 7128849 116290643.046
46 0.071997 9478825 131655832.882
46 0.073818 10872125 147282844.293
50 0.099002 20774795 209842174.906
45 0.101552 18937925 186485002.757
44 0.096584 21129123 218764215.605
51 0.103648 22689974 218913765.823
53 0.102241 26605600 260224371.827
50 0.114739 29150867 254062411.212
46 0.132271 29363689 221996424.008
53 0.126125 38124597 302276289.395
53 0.111206 32254892 290046328.436
50 0.127695 39821416 311847887.545
52 0.130591 43636424 334145722.14
52 0.142310 46992641 330213203.57
42 0.118334 22175245 187395380.871
49 0.181237 62424034 344433167.62
55 0.177907 58322702 327826909.565
49 0.183707 67088334 365192039.498
56 0.083225 12760960 153330850.105
49 0.170531 67126481 393632131.401
49 0.175485 68941580 392863093.712
57 0.228551 109796455 480402426.592
49 0.236300 101864199 431079978.84
52 0.215053 95145542 442428340.921
56 0.221974 100535099 452913850.271
54 0.235948 119640247 507061924.661
47 0.063417 6225160 98162322.4057
51 0.101641 21570885 212226217.766
52 0.257971 127555850 494458098.003
52 0.223127 104465358 468187884.03
47 0.149792 47304624 315802072.207
50 0.316755 165932797 523852179.129
56 0.365987 201176335 549681641.698
48 0.398113 226334128 568517300.364
57 0.417132 234042700 561075870.468
54 0.434766 268206714 616899007.742
55 0.362505 115969408 319911195.708
55 0.485907 265407764 546211032.152
53 0.515009 298746440 580080037.436
54 0.446043 269139288 603393143.71
54 0.448062 277635110 619635474.555
52 0.502754 322555540 641577272.384
51 0.601186 389436796 647780879.794
54 0.454972 266182094 585051594.384
51 0.543457 340856695 627200854.897
54 0.567026 364274939 642430750.971
57 0.561973 309402555 550564804.715
54 0.670999 442165726 658966296.522
52 0.692313 461797079 667035111.286
54 0.528779 329355582 622860556.111
64 0.761118 493145845 647922983.033
52 0.785851 538520445 685270420.22
57 0.856110 601346427 702417244.279
56 0.784861 539543929 687438831.844
50 0.241691 114219367 472584279.1
52 0.977387 693195896 709233799.918
50 0.912988 618543860 677493964.871
57 0.388501 200144005 515169857.993
55 1.084083 788740237 727564436.487
53 1.292700 955233335 738944329.698
54 1.042382 738110770 708100072.718
59 1.514066 1134688448 749431298.239
53 0.193036 85453742 442682929.609
56 1.371650 1014047939 739290590.894
56 0.634434 366885216 578287443.611
57 2.067566 1528128901 739095584.373
60 1.866321 1424048041 763024174.834
58 2.539447 1954684521 769728417.644
59 1.912287 1470298651 768869239.293
57 1.166672 848187127 727014213.935
56 3.035980 2339793159 770687935.691
58 2.235285 1704621891 762597114.462
59 1.647966 1244387805 755105266.128
56 7.318287 5862901087 801130249.06
59 2.803522 2186798193 780018203.174
57 6.899658 5546096311 803821915.666
59 3.628379 2872783491 791753973.606
55 7.079182 5678060351 802078594.815
57 7.856508 6398958404 814478697.661
62 2.689453 2048384518 761636108.904
59 10.388806 8492283822 817445606.55
64 8.642817 4249944758 491731429.463
66 4.401293 3523632464 800590295.624
66 26.062024 20295727318 778747165.531
61 10.462491 8561165112 818272160.234
62 27.397892 22784503022 831615184.92
65 56.850995 47407895976 833897383.432
