41 0.000468 41430 88525641.0256
41 0.000371 32881 88628032.345
39 0.000069 3843 55695652.1739
43 0.000035 1310 37428571.4286
40 0.000251 17475 69621513.9442
47 0.012839 1097483 85480411.247
43 0.000787 70290 89313850.0635
49 0.010022 839687 83784374.3764
42 0.000978 89979 92003067.4847
44 0.008393 721374 85949481.7109
50 0.059566 4974216 83507638.5858
50 0.081786 7096983 86775034.847
50 0.062907 5231891 83168661.6752
54 0.024982 2150531 86083219.9183
50 0.055403 4984421 89966626.356
51 0.150884 12735903 84408572.1481
53 0.157557 13641435 86580951.6556
53 0.106039 9139906 86193815.483
50 0.103738 9086810 87593842.1793
50 0.136247 11979692 87926280.9456
52 0.285501 23879598 83641031.0297
56 0.235940 20780967 88077337.4587
49 0.207658 17516193 84351159.1174
50 0.238591 20110450 84288384.7253
51 0.279533 22571797 80748237.2385
50 0.230734 20021855 86774619.2585
54 0.312442 27410064 87728487.2072
54 0.801472 69779690 87064413.9783
54 2.506924 206588247 82407064.195
57 2.548385 216911529 85117252.299
54 3.456080 291566548 84363367.7461
57 26.169423 2171475074 82977567.9043
55 2.941068 251342849 85459720.4145
54 9.783168 811584740 82957252.7018
57 7.421314 631980550 85157500.4103
62 27.227901 2306723241 84719099.0227
61 27.109854 2397962096 88453523.0621
60 36.808449 3105913297 84380444.7452
59 47.062432 3972590436 84411074.1238
58 50.630030 4222311744 83395402.7679
62 128.039930 10471058020 81779629.3703
57 94.180065 7857319738 83428693.0891
59 80.567025 6699839152 83158576.9985
59 125.525405 10705654010 85286751.3951
62 105.614374 8994638516 85164908.6705
63 260.413473 21439293904 82327898.2344
64 337.245962 28035575469 83130944.8532
64 292.469569 24425377758 83514253.6077
61 487.150953 41181598155 84535600.1079
63 563.086155 47946481385 85149458.8515
