41 0.031087 40361 1298324.05829
41 0.023020 28601 1242441.35534
39 0.001125 0 0.0
43 0.000277 0 0.0
40 0.001044 0 0.0
47 0.063643 1255565 19728249.7682
43 0.032330 73925 2286575.93566
49 0.056922 1051776 18477495.5202
42 0.037173 87675 2358566.70164
44 0.050044 799160 15969147.1505
50 0.103917 5954009 57295813.0046
50 0.120498 8003787 66422571.329
50 0.096855 6007442 62025109.7001
54 0.070849 2323683 32797682.395
50 0.096279 6132905 63699300.9898
51 0.140817 14127042 100321992.373
53 0.154726 17161527 110915599.188
53 0.119422 9460363 79217924.6705
50 0.117389 11102013 94574559.7969
50 0.150773 14776727 98006453.4101
52 0.207872 27324009 131446317.926
56 0.222392 25311172 113813320.623
49 0.173239 19652331 113440570.541
50 0.174150 19155800 109995980.477
51 0.222964 24303133 109000255.647
50 0.180227 21086604 117000249.685
54 0.258532 32734043 126615053.456
54 0.428433 84262856 196676857.292
54 0.956773 222803839 232870115.482
57 1.071757 254589240 237543808.904
54 1.330749 319433266 240040207.432
57 8.384433 2255786848 269044650.724
55 1.244144 297692224 239274733.471
54 3.325375 865654537 260317870.015
57 2.729504 637224737 233458070.404
62 9.458792 2561700015 270827396.881
61 10.400558 2813821190 270545214.016
60 10.074765 2740971050 272063025.788
59 16.128133 4429684484 274655751.165
58 15.980495 4357461061 272673722.622
62 42.426890 11843310555 279146328.072
57 31.871865 8853270059 277776969.092
59 25.220485 7008548194 277891095.036
59 38.553712 10701675294 277578337.826
62 34.714840 9638043037 277634666.817
63 82.469339 23073517135 279782976.495
64 107.191644 29990242627 279781534.342
64 95.778224 26833718523 280165129.424
61 152.824494 43017119033 281480526.499
63 178.549058 50192817930 281114997.145
