41 0.000107 7990 74672897.1963
41 0.000090 6735 74833333.3333
39 0.000062 3329 53693548.3871
43 0.000034 919 27029411.7647
40 0.000150 9858 65720000.0
47 0.003651 333054 91222678.7182
43 0.000637 57320 89984301.4129
49 0.005547 506738 91353524.4276
42 0.000456 39156 85868421.0526
44 0.006663 591571 88784481.4648
50 0.031472 2745943 87250349.517
50 0.045431 4235688 93233430.9172
50 0.022981 2016187 87732779.2524
54 0.011079 981674 88606733.4597
50 0.024202 2335198 96487810.9247
51 0.032175 2837280 88182750.5828
53 0.060754 5508578 90670211.0149
53 0.023857 2185152 91593746.0703
50 0.067872 6247045 92041563.5314
50 0.045890 4351604 94826846.8076
52 0.069793 6163221 88307151.147
56 0.124526 11656228 93604773.3004
49 0.153578 13511940 87980960.8147
50 0.124302 11201756 90117262.7954
51 0.193575 16872964 87164995.4798
50 0.042929 3967115 92411074.0991
54 0.241711 22062303 91275543.9347
54 0.247184 22906563 92670087.8698
54 1.301493 112068306 86107498.081
57 0.708663 63314004 89342895.0009
54 2.129612 190274132 89346853.7931
57 6.055213 526351062 86925276.1216
55 0.614803 55348745 90026797.2017
54 1.999559 174373969 87206213.4701
57 4.894140 445937011 91116521.1866
62 10.108714 922113718 91219686.1045
61 10.577830 986557450 93266525.3648
60 32.313138 2894297919 89570314.0623
59 10.286663 918108297 89252296.5903
58 32.072078 2851423577 88906729.9288
62 98.736673 8611234222 87214142.024
57 26.032381 2291370988 88020031.2065
59 47.863085 4161359585 86942987.1685
59 51.772282 4648342474 89784384.5091
62 19.495588 1803977320 92532593.5283
63 223.017808 19435622497 87148298.4758
64 135.887768 11942438756 87884575.1297
64 126.155877 11140161080 88304733.3578
61 120.442944 10704574549 88876726.1368
63 154.699006 13993333016 90455222.55
