41 0.000366 0 0.0
41 0.001625 0 0.0
39 0.000309 0 0.0
43 0.000291 0 0.0
40 0.000497 0 0.0
47 0.216020 40093 185598.555689
43 0.023275 0 0.0
49 0.011589 0 0.0
42 0.003163 0 0.0
44 0.015930 0 0.0
50 0.049027 0 0.0
50 0.317466 324632 1022572.49595
50 0.222187 84774 381543.474641
54 0.001127 0 0.0
50 0.217082 39976 184151.610912
51 0.206123 42370 205556.876234
53 0.238298 128660 539912.210761
53 0.003236 0 0.0
50 0.229662 135851 591525.807491
50 0.229793 84663 368431.58843
52 0.225709 52612 233096.597832
56 0.235843 198075 839859.567594
49 0.302644 196163 648164.179696
50 0.228137 136838 599806.256767
51 0.040184 0 0.0
50 0.344741 902805 2618792.07869
54 0.220552 123413 559564.18441
54 0.219561 133510 608077.02643
54 0.454672 1753947 3857609.44153
57 0.221649 168703 761126.826649
54 0.570300 2781109 4876571.97966
57 3.322835 38077851 11459446.8278
55 0.317366 685380 2159588.61378
54 0.276079 434779 1574835.46376
57 0.522267 2599939 4978179.74331
62 0.303389 397177 1309134.47752
61 0.559476 2798216 5001494.25534
60 2.865858 31260653 10907956.0118
59 1.373196 12765850 9296451.48981
58 1.089470 10062006 9235688.91296
62 0.589362 3715997 6305118.07684
57 0.332346 976688 2938768.63269
59 0.430032 2196010 5106619.97247
59 1.223366 11727092 9585922.77372
62 3.081154 34507987 11199695.6335
63 0.438236 1841108 4201179.27327
64 5.338097 63864847 11963972.7416
64 1.360688 12165349 8940586.6738
61 1.324578 11710384 8840841.38495
63 13.521115 171437182 12679219.2804
