41 0.033804 40361 1193971.12768
41 0.025331 28601 1129090.83731
39 0.001163 0 0.0
43 0.000288 0 0.0
40 0.001106 0 0.0
47 0.079964 1255565 15701628.2327
43 0.037316 73925 1981053.70351
49 0.072761 1051776 14455216.3934
42 0.043016 87675 2038195.0902
44 0.063045 799160 12676025.0615
50 0.155877 5954009 38196841.0991
50 0.171927 8003787 46553403.4794
50 0.152555 6007442 39378860.0832
54 0.093357 2323683 24890292.1045
50 0.143817 6132905 42643811.2323
51 0.236143 14127042 59824098.11
53 0.271048 17161527 63315453.3514
53 0.192358 9460363 49181021.8447
50 0.197162 11102013 56309091.0013
50 0.248147 14776727 59548279.8503
52 0.380600 27324009 71791931.1613
56 0.360225 25311172 70264895.5514
49 0.306715 19652331 64073589.4886
50 0.299644 19155800 63928528.5205
51 0.369395 24303133 65791721.5988
50 0.324690 21086604 64943804.86
54 0.436132 32734043 75055357.0937
54 0.920046 84262856 91585481.5955
54 2.226802 222803839 100055523.122
57 2.491257 254589240 102193085.659
54 3.157136 319433266 101178177.31
57 21.019203 2255786848 107320284.599
55 2.941592 297692224 101201058.474
54 8.207809 865654537 105467188.259
57 6.273830 637224737 101568696.793
62 23.735628 2561700015 107926363.482
61 26.005958 2813821190 108199097.684
60 25.375901 2740971050 108014728.226
59 40.784941 4429684484 108610785.633
58 40.117577 4357461061 108617254.252
62 108.199586 11843310555 109458002.501
57 81.031069 8853270059 109257722.603
59 64.212525 7008548194 109146123.657
59 97.936653 10701675294 109271401.117
62 88.195087 9638043037 109280951.636
63 210.488602 23073517135 109618843.566
64 273.835070 29990242627 109519363.707
64 244.654721 26833718523 109679953.909
61 391.681562 43017119033 109826765.43
63 456.645489 50192817930 109916377.451
