41 0.000358 0
41 0.001672 0
39 0.000282 0
43 0.000275 0
40 0.000520 0
47 0.225431 1365
43 0.022826 0
49 0.011508 0
42 0.003060 0
44 0.015591 0
50 0.048459 0
50 0.270705 42357
50 0.193948 7878
54 0.001099 0
50 0.210222 1011
51 0.206099 543
53 0.228436 14844
53 0.003257 0
50 0.222462 15678
50 0.211825 8937
52 0.187594 3852
56 0.197456 19998
49 0.289588 26235
50 0.208977 11334
51 0.040519 0
50 0.269086 151605
54 0.220511 14085
54 0.218527 13680
54 0.370828 261033
57 0.186284 17565
54 0.455603 494067
57 1.303251 7127919
55 0.244687 85533
54 0.256491 58155
57 0.343434 351513
62 0.300427 49950
61 0.338366 352050
60 0.812151 5096046
59 0.605266 2204232
58 0.513033 1459536
62 0.603913 528774
57 0.284678 130842
59 0.271189 268512
59 0.503472 1811223
62 1.685398 5583393
63 0.304939 212478
64 1.335079 10527519
64 0.868248 1656594
61 0.685545 1873671
63 3.199351 29883402
