41 0.000082 333 4060975.60976
41 0.000309 1560 5048543.68932
39 0.000070 123 1757142.85714
43 0.000057 135 2368421.05263
40 0.000182 935 5137362.63736
47 0.004957 82266 16595924.9546
43 0.000806 14574 18081885.8561
49 0.001139 9999 8778753.29236
42 0.000387 6284 16237726.0982
44 0.001245 21663 17400000.0
50 0.005505 77111 14007447.7748
50 0.011013 210095 19076999.9092
50 0.004959 87658 17676547.6911
54 0.000410 5954 14521951.2195
50 0.002641 43903 16623627.4139
51 0.001135 14029 12360352.4229
53 0.008428 150359 17840412.9093
53 0.000563 6626 11769094.1385
50 0.017460 284883 16316323.0241
50 0.009775 156863 16047365.7289
52 0.008792 104573 11894108.2803
56 0.042926 756567 17624912.6404
49 0.015460 158216 10233893.9198
50 0.003821 76805 20100758.9636
51 0.005336 69979 13114505.2474
50 0.036686 534402 14566919.2608
54 0.021936 244008 11123632.3851
54 0.009047 151238 16716922.7368
54 0.056829 753253 13254729.0996
57 0.009549 132598 13886061.3677
54 0.251038 2992192 11919279.153
57 3.312491 46899892 14158496.4306
55 0.036773 544510 14807331.466
54 0.016027 227004 14163848.5056
57 1.136895 13036107 11466412.4655
62 0.009075 138923 15308319.5592
61 0.142781 2523913 17676812.7412
60 1.366934 24422696 17866770.4512
59 0.412130 6878592 16690345.2794
58 0.781142 14124876 18082340.9828
62 2.768850 42341301 15292016.9023
57 0.038424 632552 16462419.3213
59 0.124664 2524572 20251010.7168
59 1.638416 28054826 17123139.6666
62 0.357298 6621552 18532295.171
63 0.104390 1711724 16397394.3864
64 2.423307 41413198 17089538.387
64 0.335325 6305061 18802836.0546
61 0.416699 7206731 17294812.3226
63 3.940337 68723874 17441115.8233
