41 0.031496 40361 1281464.31293
41 0.023119 28601 1237120.98274
39 0.001103 0 0.0
43 0.000301 0 0.0
40 0.001388 0 0.0
47 0.067330 1255565 18647928.1153
43 0.036141 73925 2045460.83396
49 0.053346 1051776 19716117.4221
42 0.038296 87675 2289403.59306
44 0.052803 799160 15134746.1318
50 0.118523 5954009 50235051.4246
50 0.123375 8003787 64873653.4954
50 0.114459 6007442 52485536.3056
54 0.078120 2323683 29745046.0829
50 0.113318 6132905 54121189.9257
51 0.165314 14127042 85455811.365
53 0.184745 17161527 92893052.586
53 0.134748 9460363 70207817.5557
50 0.138284 11102013 80284147.1175
50 0.187200 14776727 78935507.4786
52 0.250200 27324009 109208669.065
56 0.240786 25311172 105118952.099
49 0.221271 19652331 88815664.9538
50 0.205746 19155800 93104118.6706
51 0.249441 24303133 97430386.3439
50 0.225250 21086604 93614224.1953
54 0.285395 32734043 114697324.76
54 0.542773 84262856 155245113.519
54 1.255748 222803839 177427190.009
57 1.399746 254589240 181882455.817
54 1.772280 319433266 180238599.995
57 11.475493 2255786848 196574286.438
55 1.652471 297692224 180149741.811
54 4.518095 865654537 191597241.094
57 3.594372 637224737 177284025.415
62 12.939821 2561700015 197970282.201
61 14.188000 2813821190 198324019.594
60 13.831679 2740971050 198166184.308
59 22.183308 4429684484 199685479.01
58 21.880274 4357461061 199150205.386
62 58.508564 11843310555 202420120.155
57 43.908178 8853270059 201631460.522
59 34.756664 7008548194 201646170.473
59 53.062595 10701675294 201680209.835
62 47.770582 9638043037 201756868.631
63 113.699753 23073517135 202933748.985
64 147.942886 29990242627 202715003.322
64 132.186671 26833718523 202998670.895
61 211.371535 43017119033 203514248.184
63 246.625115 50192817930 203518680.285
