41 0.040582 279 6874.96919817
41 0.020991 0 0.0
39 0.001104 0 0.0
43 0.000283 0 0.0
40 0.001055 0 0.0
47 0.070889 160248 2260548.18096
43 0.036169 3390 93726.6720119
49 0.065622 135522 2065191.55161
42 0.042986 9384 218303.633741
44 0.076205 116199 1524821.20596
50 0.152627 955107 6257785.31977
50 0.126997 1197189 9426907.72223
50 0.138881 941190 6776952.93093
54 0.088054 269568 3061394.1445
50 0.111627 918738 8230428.12223
51 0.227266 2150835 9463954.13304
53 0.320164 2865876 8951274.97158
53 0.205729 1398957 6799999.02785
50 0.151872 1788393 11775659.7661
50 0.189916 2473563 13024510.8364
52 0.394259 4510707 11440974.0805
56 0.245707 3753756 15277366.9452
49 0.238931 3537486 14805471.0356
50 0.256088 3071448 11993720.9084
51 0.272742 4138863 15175011.5494
50 0.161994 3611619 22294770.1767
54 0.294573 4984959 16922660.9363
54 0.359355 13596102 37834737.2376
54 1.675390 41516709 24780325.178
57 1.245829 41093538 32984894.3956
54 1.045381 58829712 56275857.319
57 10.058130 441822234 43926876.4671
55 1.618750 54369471 33587317.9923
54 2.373098 166168080 70021583.6008
57 1.672564 107638560 64355420.7791
62 28.778431 464156463 16128622.9607
61 14.905565 458190108 30739533.0536
60 10.200445 523596537 51330754.3936
59 52.054849 798050424 15330952.6265
58 31.257135 756111432 24190042.7534
62 58.814782 2147817237 36518323.5228
57 36.009555 1692058476 46989152.6291
59 32.631533 1295354688 39696409.237
59 56.375058 1929362493 34223689.7211
62 47.579964 1611337191 33865876.6324
63 240.200163 4247018790 17681165.3121
64 276.208018 5489927289 19876060.5458
64 210.175622 4790263401 22791717.4952
61 207.980148 8102145105 38956338.78
63 115.474671 8740640043 75693136.5754
