41 0.000373 0 0.0
41 0.001638 0 0.0
39 0.000321 0 0.0
43 0.000296 0 0.0
40 0.000519 0 0.0
47 0.133530 40093 300254.624429
43 0.023000 0 0.0
49 0.011636 0 0.0
42 0.003181 0 0.0
44 0.016077 0 0.0
50 0.049283 0 0.0
50 0.164500 324632 1973446.80851
50 0.128646 84774 658971.130078
54 0.001144 0 0.0
50 0.129562 39976 308547.259227
51 0.136781 42370 309765.245173
53 0.144209 128660 892177.325964
53 0.003253 0 0.0
50 0.130284 135851 1042729.7289
50 0.134185 84663 630942.355703
52 0.138146 52612 380843.455475
56 0.129276 198075 1532186.94885
49 0.167710 196163 1169655.95373
50 0.132011 136838 1036565.13472
51 0.040481 0 0.0
50 0.152113 902805 5935094.30489
54 0.131081 123413 941501.819486
54 0.140830 133510 948022.438401
54 0.199865 1753947 8775658.56953
57 0.125024 168703 1349364.92193
54 0.214872 2781109 12943096.355
57 0.714318 38077851 53306581.9425
55 0.165607 685380 4138593.17541
54 0.146039 434779 2977143.09191
57 0.218878 2599939 11878484.818
62 0.155367 397177 2556379.41133
61 0.210208 2798216 13311653.2197
60 0.674839 31260653 46323127.4422
59 0.380272 12765850 33570312.8287
58 0.314658 10062006 31977594.7219
62 0.212804 3715997 17462063.683
57 0.163865 976688 5960320.99594
59 0.191602 2196010 11461310.4247
59 0.358614 11727092 32701155.0023
62 0.670911 34507987 51434522.6118
63 0.184775 1841108 9964053.57868
64 1.059342 63864847 60287279.2734
64 0.403529 12165349 30147397.0892
61 0.357037 11710384 32798796.7634
63 2.444543 171437182 70130565.0995
