41 0.042350 40361 953034.238489
41 0.023833 28601 1200058.74208
39 0.001128 0 0.0
43 0.000286 0 0.0
40 0.001077 0 0.0
47 0.082314 1255565 15253359.0884
43 0.042781 73925 1727986.72308
49 0.080629 1051776 13044636.5452
42 0.043944 87675 1995152.9219
44 0.077993 799160 10246560.5888
50 0.196888 5954009 30240588.558
50 0.233206 8003787 34320673.5676
50 0.199876 6007442 30055844.6237
54 0.103720 2323683 22403422.6764
50 0.194202 6132905 31580030.0718
51 0.317761 14127042 44458073.8354
53 0.403503 17161527 42531349.2093
53 0.255762 9460363 36988931.1156
50 0.261944 11102013 42383154.4147
50 0.359038 14776727 41156443.0506
52 0.544318 27324009 50198613.678
56 0.513924 25311172 49250807.5124
49 0.440467 19652331 44617033.7392
50 0.416084 19155800 46038299.9587
51 0.528256 24303133 46006354.8734
50 0.464478 21086604 45398498.9601
54 0.630418 32734043 51924347.0205
54 1.442401 84262856 58418467.5413
54 3.576979 222803839 62288271.4715
57 4.016756 254589240 63381803.6246
54 5.080089 319433266 62879462.5448
57 34.328749 2255786848 65711303.6074
55 4.732178 297692224 62908078.2676
54 13.335696 865654537 64912587.7644
57 10.026616 637224737 63553320.183
62 38.837102 2561700015 65960122.7455
61 42.569861 2813821190 66098904.8097
60 41.531954 2740971050 65996679.3279
59 66.777900 4429684484 66334587.9999
58 65.678589 4357461061 66345229.5085
62 177.646132 11843310555 66667990.0185
57 132.987821 8853270059 66572036.3897
59 105.374681 7008548194 66510741.7407
59 160.707246 10701675294 66591118.6979
62 144.692069 9638043037 66610720.9857
63 345.875383 23073517135 66710492.4753
64 449.879480 29990242627 66662837.4048
64 402.083926 26833718523 66736610.9109
61 643.804480 43017119033 66817054.5085
63 750.457898 50192817930 66882923.1643
