41 0.043814 40361
41 0.027835 28601
39 0.001133 0
43 0.000282 0
40 0.001046 0
47 0.090528 1255565
43 0.045250 73925
49 0.078692 1051776
42 0.045962 87675
44 0.078904 799160
50 0.185971 5954009
50 0.217947 8003787
50 0.190019 6007442
54 0.098450 2323683
50 0.170819 6132905
51 0.277971 14127042
53 0.350927 17161527
53 0.225900 9460363
50 0.248808 11102013
50 0.306051 14776727
52 0.474142 27324009
56 0.443935 25311172
49 0.385071 19652331
50 0.367078 19155800
51 0.442646 24303133
50 0.400816 21086604
54 0.542480 32734043
54 1.233169 84262856
54 3.053168 222803839
57 3.409983 254589240
54 4.307295 319433266
57 29.139953 2255786848
55 4.013060 297692224
54 11.335753 865654537
57 8.419850 637224737
62 32.915154 2561700015
61 36.044231 2813821190
60 35.212038 2740971050
59 56.624972 4429684484
58 55.614278 4357461061
62 150.551499 11843310555
57 112.718087 8853270059
59 89.314461 7008548194
59 136.238584 10701675294
62 122.434064 9638043037
63 293.331076 23073517135
64 381.298020 29990242627
64 340.691581 26833718523
61 546.130804 43017119033
63 635.512250 50192817930
