41 0.000361 0 0.0
41 0.001746 0 0.0
39 0.000306 0 0.0
43 0.000274 0 0.0
40 0.000505 0 0.0
47 0.136604 1365 9992.38675295
43 0.023929 0 0.0
49 0.011886 0 0.0
42 0.003376 0 0.0
44 0.016740 0 0.0
50 0.051565 0 0.0
50 0.172868 42357 245025.105861
50 0.129275 7878 60939.8568942
54 0.001170 0 0.0
50 0.130702 1011 7735.15324938
51 0.136538 543 3976.91485154
53 0.156054 14844 95120.9196816
53 0.003338 0 0.0
50 0.132275 15678 118525.798526
50 0.140305 8937 63696.9459392
52 0.139942 3852 27525.6892141
56 0.126334 19998 158294.679184
49 0.170339 26235 154016.402585
50 0.133181 11334 85102.229297
51 0.041498 0 0.0
50 0.148665 151605 1019776.00646
54 0.135640 14085 103841.049838
54 0.151470 13680 90314.9138443
54 0.182475 261033 1430513.76901
57 0.131698 17565 133373.323817
54 0.193314 494067 2555774.54297
57 0.398618 7127919 17881578.3532
55 0.156067 85533 548053.079767
54 0.133582 58155 435350.571185
57 0.182055 351513 1930806.62437
62 0.157923 49950 316293.383484
61 0.165065 352050 2132796.17121
60 0.293494 5096046 17363373.6976
59 0.233272 2204232 9449192.35913
58 0.206141 1459536 7080280.00252
62 0.205154 528774 2577449.13577
57 0.156551 130842 835778.755805
59 0.157547 268512 1704329.50167
59 0.217263 1811223 8336546.02947
62 0.421848 5583393 13235556.4089
63 0.152047 212478 1397449.47286
64 0.381636 10527519 27585235.6696
64 0.267693 1656594 6188409.85756
61 0.233455 1873671 8025833.67244
63 0.694632 29883402 43020479.9088
