41 0.041696 40361 967982.540292
41 0.028864 28601 990888.303769
39 0.001122 0 0.0
43 0.000274 0 0.0
40 0.001064 0 0.0
47 0.146390 1255565 8576849.51158
43 0.044460 73925 1662730.54431
49 0.138763 1051776 7579657.40147
42 0.049819 87675 1759870.73205
44 0.115592 799160 6913627.24064
50 0.430065 5954009 13844439.794
50 0.515705 8003787 15520088.0348
50 0.422115 6007442 14231766.2248
54 0.199410 2323683 11652790.7327
50 0.398360 6132905 15395383.5726
51 0.793956 14127042 17793230.3553
53 0.974599 17161527 17608808.3407
53 0.592458 9460363 15967989.2921
50 0.646615 11102013 17169433.1248
50 0.826375 14776727 17881381.9392
52 1.418270 27324009 19265731.4898
56 1.318984 25311172 19189900.7115
49 1.085080 19652331 18111412.0618
50 1.052530 19155800 18199766.2774
51 1.276420 24303133 19040075.367
50 1.145516 21086604 18407952.3987
54 1.672382 32734043 19573305.0224
54 4.054965 84262856 20780168.5095
54 10.296536 222803839 21638718.0116
57 11.665234 254589240 21824614.9199
54 14.682422 319433266 21756169.7927
57 101.607139 2255786848 22201066.4821
55 13.675126 297692224 21768883.4458
54 39.233373 865654537 22064239.4678
57 28.886033 637224737 22059960.1544
62 114.962423 2561700015 22282933.3982
61 126.163969 2813821190 22302890.5345
60 122.968310 2740971050 22290060.3416
59 198.115172 4429684484 22359138.0674
58 194.754251 4357461061 22374151.2117
62 528.375491 11843310555 22414572.1305
57 395.340251 8853270059 22394051.7987
59 313.226090 7008548194 22375365.328
59 477.637144 10701675294 22405450.3056
62 430.119112 9638043037 22407846.4967
63 1029.492836 23073517135 22412508.6918
64 1338.718226 29990242627 22402206.8607
64 1196.896987 26833718523 22419405.1906
61 1916.996239 43017119033 22439855.7273
63 2234.090208 50192817930 22466782.1157
