41 0.038853 279 7180.91267084
41 0.021442 0 0.0
39 0.001138 0 0.0
43 0.000287 0 0.0
40 0.001016 0 0.0
47 0.059254 160248 2704425.01772
43 0.041032 3390 82618.4441412
49 0.050106 135522 2704706.02323
42 0.039853 9384 235465.335107
44 0.057599 116199 2017378.77394
50 0.098919 955107 9655445.36439
50 0.089365 1197189 13396620.6009
50 0.085018 941190 11070479.1926
54 0.063280 269568 4259924.14665
50 0.073008 918738 12584072.9783
51 0.113597 2150835 18933906.7053
53 0.136434 2865876 21005585.1181
53 0.105583 1398957 13249831.8858
50 0.080072 1788393 22334811.1699
50 0.116811 2473563 21175771.1174
52 0.155269 4510707 29050918.0841
56 0.134295 3753756 27951569.3064
49 0.112576 3537486 31423091.9557
50 0.133250 3071448 23050266.4165
51 0.136138 4138863 30401967.1216
50 0.107362 3611619 33639639.7236
54 0.138419 4984959 36013545.8282
54 0.176959 13596102 76831932.8206
54 0.557686 41516709 74444596.063
57 0.413916 41093538 99279897.3705
54 0.411839 58829712 142846384.145
57 2.931121 441822234 150734901.084
55 0.536618 54369471 101318761.204
54 0.769461 166168080 215953869.007
57 0.663133 107638560 162318207.66
62 8.151378 464156463 56942085.4977
61 4.320024 458190108 106061935.767
60 2.965894 523596537 176539194.253
59 14.558972 798050424 54815025.6763
58 8.864478 756111432 85296780.2503
62 16.421511 2147817237 130792911.627
57 10.183290 1692058476 166160295.543
59 9.142121 1295354688 141690827.326
59 15.774322 1929362493 122310327.696
62 13.418332 1611337191 120084760.982
63 66.380095 4247018790 63980305.9938
64 76.530109 5489927289 71735521.6233
64 58.289581 4790263401 82180439.7771
61 57.608245 8102145105 140642109.563
63 32.280340 8740640043 270772861.841
