41 0.039066 40361 1033149.02985
41 0.027864 28601 1026449.89951
39 0.001073 0 0.0
43 0.000287 0 0.0
40 0.001024 0 0.0
47 0.105858 1255565 11860841.8825
43 0.045511 73925 1624332.57894
49 0.094177 1051776 11168077.1314
42 0.047548 87675 1843926.1378
44 0.078149 799160 10226106.5401
50 0.258017 5954009 23076033.7497
50 0.293365 8003787 27282692.2094
50 0.258382 6007442 23250234.1494
54 0.133488 2323683 17407429.8813
50 0.250661 6132905 24466929.4386
51 0.445348 14127042 31721354.9853
53 0.543930 17161527 31550984.5017
53 0.344392 9460363 27469752.4913
50 0.359536 11102013 30878724.2446
50 0.478471 14776727 30883223.8526
52 0.767050 27324009 35622200.6388
56 0.703872 25311172 35959907.4832
49 0.606537 19652331 32400877.4403
50 0.581970 19155800 32915442.3768
51 0.703861 24303133 34528313.1186
50 0.640156 21086604 32939789.6763
54 0.896785 32734043 36501550.5389
54 2.087972 84262856 40356315.123
54 5.253519 222803839 42410399.3913
57 5.922755 254589240 42984935.2202
54 7.476160 319433266 42726916.7594
57 51.121036 2255786848 44126391.4918
55 6.950055 297692224 42833074.5584
54 19.775016 865654537 43775162.4069
57 14.736750 637224737 43240520.264
62 57.810580 2561700015 44311958.382
61 63.412789 2813821190 44373086.7917
60 61.847554 2740971050 44318180.3115
59 99.571091 4429684484 44487656.4022
58 97.864331 4357461061 44525528.5197
62 265.183406 11843310555 44660828.2684
57 198.473630 8853270059 44606782.5685
59 157.207149 7008548194 44581612.4685
59 239.784258 10701675294 44630433.1371
62 215.924820 9638043037 44636105.4602
63 516.436226 23073517135 44678347.4384
64 671.576931 29990242627 44656451.4691
64 600.367456 26833718523 44695491.4941
61 961.511577 43017119033 44739054.6947
63 1120.579174 50192817930 44791853.2618
