41 0.000107 1558 14560747.6636
41 0.000247 4552 18429149.7976
39 0.000044 231 5250000.0
43 0.000056 324 5785714.28571
40 0.000212 2861 13495283.0189
47 0.009165 244588 26687179.4872
43 0.001006 22787 22651093.4394
49 0.000873 16745 19180985.1088
42 0.000506 9704 19177865.6126
44 0.001147 24179 21080209.2415
50 0.006903 141656 20520932.9277
50 0.014346 369769 25775059.25
50 0.011554 277516 24019041.0248
54 0.001390 23700 17050359.7122
50 0.003690 91732 24859620.5962
51 0.002900 65860 22710344.8276
53 0.017425 453418 26021119.0818
53 0.001164 25890 22242268.0412
50 0.023594 606229 25694201.9157
50 0.012564 297894 23710124.1643
52 0.013841 342116 24717578.2097
56 0.050550 1263876 25002492.5816
49 0.009957 235125 23614040.3736
50 0.015260 415828 27249541.2844
51 0.004598 104873 22808394.9543
50 0.068587 1809260 26379051.4237
54 0.012514 299794 23956688.5089
54 0.019059 519550 27260087.098
54 0.071326 1867628 26184392.788
57 0.020802 527821 25373569.8491
54 0.199408 5154692 25849975.9287
57 6.009819 159204191 26490679.8358
55 0.116595 3160175 27103863.802
54 0.044686 1152041 25780803.8312
57 1.099661 29694522 27003341.939
62 0.021831 527642 24169392.1488
61 0.201793 5649315 27995594.4953
60 1.587260 43756748 27567473.5078
59 1.158199 30033935 25931584.296
58 1.085648 29441732 27119040.4256
62 2.304938 60141040 26092259.3146
57 0.136544 3619673 26509205.8238
59 0.250368 6948913 27754796.9389
59 3.014044 78771086 26134683.5016
62 1.575864 41756719 26497666.6768
63 0.101542 2600327 25608388.6471
64 5.739073 150397827 26205944.2352
64 0.615288 16377438 26617515.7
61 1.318677 35345137 26803483.3397
63 7.140350 194006935 27170507.7482
